RowLabels = { 'Hyperdiploid' 'TCF3-PBX1' 'ETV6_RUNX1' 'MLL' 'Ph' 'Hypo' 'Other' 'T-ALL' 'Control_HSC' 'Control_lymphoid' 'Control_myeloid'}
ColumnLabels = {'5,45' '5,3' '5,7' '5,42' '5,54' '5,4' '5,55' '5,22' '5,46' '5,87' '5,43' '5,24' '5,27' '5,61' '5,8' '5,57' '5,6' '5,26' '5,58' '5,53' '5,17' '5,60' '5,25' '5,56' '5,5' '3,45' '3,3' '3,7' '3,42' '3,54' '3,4' '3,55' '3,22' '3,46' '3,87' '3,43' '3,24' '3,27' '3,61' '3,8' '3,57' '3,6' '3,26' '3,58' '3,53' '3,17' '3,60' '3,25' '3,56' '3,5' '7,52' '4,45' '4,3' '4,7' '4,42' '4,54' '4,4' '4,55' '4,22' '4,46' '4,87' '4,43' '4,24' '4,27' '4,61' '4,8' '4,57' '4,6' '4,26' '4,58' '4,53' '4,17' '4,60' '4,25' '4,56' '4,5' '0,1' '2,45' '2,30' '2,3' '2,65' '2,37' '2,7' '2,68' '2,41' '2,42' '2,54' '2,82' '2,4' '2,66' '2,81' '2,35' '2,80' '2,55' '2,22' '2,83' '2,46' '2,87' '2,43' '2,28' '2,69' '2,79' '2,29' '2,24' '2,36' '2,27' '2,31' '2,61' '2,0' '2,67' '2,47' '2,8' '2,1' '2,57' '2,32' '2,39' '2,34' '2,6' '2,84' '2,26' '2,58' '2,62' '2,53' '2,33' '2,17' '2,60' '2,85' '2,25' '2,38' '2,40' '2,56' '2,64' '2,5' '8,45' '8,30' '8,3' '8,65' '8,37' '8,7' '8,68' '8,41' '8,42' '8,54' '8,82' '8,4' '8,66' '8,81' '8,35' '8,80' '8,55' '8,22' '8,83' '8,46' '8,87' '8,43' '8,28' '8,69' '8,79' '8,29' '8,24' '8,36' '8,27' '8,31' '8,61' '8,0' '8,67' '8,47' '8,8' '8,1' '8,57' '8,32' '8,39' '8,34' '8,6' '8,84' '8,26' '8,58' '8,62' '8,53' '8,33' '8,17' '8,60' '8,85' '8,25' '8,38' '8,40' '8,56' '8,64' '8,5' '6,50' '6,49' '6,48' '6,51' '1,45' '1,30' '1,3' '1,65' '1,37' '1,7' '1,68' '1,41' '1,42' '1,54' '1,82' '1,4' '1,66' '1,81' '1,35' '1,80' '1,55' '1,22' '1,83' '1,46' '1,87' '1,43' '1,28' '1,69' '1,79' '1,29' '1,24' '1,36' '1,27' '1,31' '1,61' '1,0' '1,67' '1,47' '1,8' '1,1' '1,57' '1,32' '1,39' '1,34' '1,6' '1,84' '1,26' '1,58' '1,62' '1,53' '1,33' '1,17' '1,60' '1,85' '1,25' '1,38' '1,40' '1,56' '1,64' '1,5'}
Matrix = [
0.393179 0.341826 0.094674 0.289246 0.391851 0.09906 0.468968 0.127282 0.433347 0.0787446 0.268612 0.526533 0.759363 0.411143 0.0916576 0.39445 0.090907 0.812353 0.411269 0.387541 0.288141 0.453324 0.810973 0.390905 0.0731465 0.161474 0.291482 0.169846 0.118789 0.160928 0.177715 0.192599 0.307372 0.17797 0.141269 0.110315 0.137116 0.257495 0.168851 0.164435 0.161995 0.163088 0.2773 0.168903 0.159158 0.356859 0.186175 0.49914 0.16054 0.131226 0.570396 0.217423 0.392478 0.228697 0.159949 0.216689 0.239292 0.259333 0.307466 0.239636 0.190217 0.148539 0.184626 0.346715 0.227357 0.22141 0.218126 0.219597 0.373383 0.227427 0.214305 0.480509 0.250683 0.453374 0.216165 0.176694 0.49139 0.189273 0.0756118 0.143106 0.125876 0.073448 0.0129052 0.0999654 0.0855885 0.139241 0.0706002 0.216039 0.0135031 0.119042 0.223248 0.101154 0.23649 0.0844943 0.0628591 0.227687 0.176664 0.0107339 0.129308 0.0922969 0.119176 0.291022 0.104696 0.0601538 0.106759 0.112964 0.0797401 0.074076 0.288728 0.107765 0.148798 0.0124941 0.578004 0.0710683 0.0598614 0.0735097 0.0811375 0.0123918 0.219384 0.121653 0.0740988 0.128872 0.283164 0.0507912 0.219933 0.0816759 0.21606 0.20278 0.0510583 0.0513286 0.0704297 0.0998374 0.00997077 0.441699 0.34483 0.319026 0.57406 0.334962 0.0455979 0.455895 0.390329 0.32494 0.154985 0.202029 0.0477103 0.542894 0.20877 0.461316 0.221153 0.185486 0.0865805 0.212922 0.277037 0.0379258 0.30176 0.420923 0.543505 0.27215 0.477469 0.132053 0.486876 0.247985 0.363657 0.162616 0.270004 0.491463 0.139149 0.0441451 0.749805 0.156013 0.272999 0.335243 0.37003 0.0437836 0.205157 0.267059 0.162666 0.587722 0.342822 0.231635 0.318325 0.179299 0.202048 0.250533 0.232853 0.234086 0.154611 0.455311 0.0352296 0.590405 0.577792 0.665699 0.448751 0.182512 0.0729106 0.137993 0.121379 0.0708241 0.0124442 0.0963942 0.0825309 0.134266 0.068078 0.208321 0.0130207 0.114789 0.215272 0.0975403 0.228041 0.0814758 0.0606135 0.219553 0.170353 0.0103504 0.124688 0.0889996 0.114918 0.280626 0.100956 0.0580048 0.102945 0.108929 0.0768914 0.0714297 0.278413 0.103915 0.143482 0.0120477 0.275767 0.0685294 0.0577229 0.0708836 0.0782388 0.0119491 0.211547 0.117307 0.0714516 0.124268 0.273048 0.0489767 0.212076 0.078758 0.208341 0.195536 0.0492342 0.0494949 0.0679136 0.0962707 0.00961457
0.399224 0.354695 0.0997531 0.298293 0.399859 0.102569 0.483719 0.134349 0.44397 0.0815223 0.277586 0.536088 0.767751 0.415426 0.0964644 0.408539 0.0953661 0.808491 0.421099 0.388682 0.292962 0.471505 0.820281 0.39423 0.0729674 0.168675 0.303184 0.174446 0.126031 0.168943 0.17937 0.204375 0.312316 0.18758 0.142564 0.117282 0.145886 0.26959 0.17552 0.168695 0.172611 0.166774 0.285411 0.177917 0.164221 0.358761 0.199214 0.514347 0.166565 0.127603 0.581244 0.225725 0.405729 0.233447 0.168657 0.226084 0.240037 0.273499 0.31441 0.251024 0.190783 0.156949 0.195229 0.360771 0.234885 0.225751 0.230992 0.223181 0.381944 0.238093 0.219764 0.480103 0.266593 0.469423 0.222901 0.170762 0.505536 0.187106 0.0784229 0.144578 0.128851 0.0768583 0.0133996 0.102024 0.0888966 0.139802 0.0722438 0.209203 0.0137778 0.121339 0.209189 0.104407 0.228182 0.0873951 0.0637994 0.225293 0.17423 0.0109507 0.130097 0.0962057 0.1226 0.284754 0.108498 0.0623842 0.110443 0.115283 0.0823746 0.0750564 0.282123 0.109987 0.147318 0.0129578 0.584306 0.0738121 0.0621344 0.0769634 0.0853933 0.0128103 0.220045 0.122048 0.0760814 0.132622 0.27877 0.0535682 0.211478 0.0851884 0.211975 0.205952 0.054261 0.0543149 0.0712268 0.104147 0.00980152 0.446299 0.357044 0.32923 0.586633 0.349921 0.0489587 0.464497 0.404729 0.333466 0.16196 0.202104 0.0503407 0.552434 0.202091 0.475346 0.22044 0.195927 0.0914131 0.217649 0.284485 0.040011 0.310317 0.438006 0.558172 0.275092 0.493971 0.139856 0.502826 0.258447 0.375036 0.168266 0.272551 0.500749 0.14232 0.0473446 0.762645 0.165476 0.282886 0.350399 0.388779 0.0468055 0.212579 0.273614 0.170563 0.603801 0.348649 0.243886 0.317822 0.19098 0.204783 0.263544 0.24704 0.247285 0.15968 0.474163 0.0358123 0.575361 0.592879 0.675003 0.463188 0.176788 0.074098 0.136605 0.121745 0.0726197 0.0126606 0.0963978 0.0839941 0.132092 0.0682597 0.197666 0.013018 0.114648 0.197653 0.0986493 0.215598 0.0825754 0.060281 0.212869 0.164622 0.0103468 0.122923 0.0909001 0.115838 0.269051 0.102515 0.0589438 0.104352 0.108925 0.0778318 0.0709171 0.266565 0.103921 0.139194 0.0122432 0.269572 0.0697415 0.0587078 0.072719 0.080684 0.0121038 0.20791 0.115317 0.0718856 0.125308 0.263396 0.050614 0.199815 0.0804904 0.200285 0.194594 0.0512686 0.0513195 0.0672987 0.0984038 0.00926098
